14
50
39
41
45
24
40
19
49
31
43
39
26
35
40
12
28
39
37
32
31
14
41
48
39
29
32
36
27
8
18
27
43
31
31
44
29
46
14
40
42
18
39
0
4
18
3
3
45
38
43
20
25
40
1
49
16
18
21
10
32
3
49
27
39
3
49
43
49
27
37
13
30
36
48
25
18
7
35
22
40
30
31
31
26
2
0
32
48
17
6
25
19
41
45
27
15
20
4
0
47
16
28
30
4
17
11
10
22
29
26
42
16
21
37
4
31
50
36
48
37
27
40
10
19
30
20
25
10
25
23
29
29
42
5
38
17
14
47
18
49
12
35
39
9
30
1
19
8
44
35
9
36
45
4
25
0
35
14
37
44
50
10
35
13
14
1
26
17
21
27
7
29
12
33
27
38
14
17
15
42
39
17
9
34
33
7
46
49
20
39
46
0
3
47
10
12
9
17
18
43
36
0
20
43
49
32
27
44
28
10
45
49
43
3
12
29
49
31
27
37
26
38
35
45
17
27
27
17
9
47
42
16
34
27
41
15
30
16
24
44
35
6
50
2
37
37
34
36
31
40
19
33
46
48
36
24
29
16
38
27
20
39
36
6
14
36
4
50
8
2
37
16
19
6
3
10
47
31
33
20
38
29
38
29
39
38
44
28
35
0
21
38
48
26
5
18
30
3
7
14
0
41
43
43
44
30
16
25
12
27
28
4
25
21
44
14
37
35
2
33
39
25
32
14
22
2
3
27
0
34
4
34
1
25
15
25
6
46
31
5
31
19
10
37
25
1
25
6
36
17
37
33
9
12
25
25
10
26
29
30
15
29
11
39
45
0
17
42
36
40
43
16
48
19
20
29
48
43
34
40
35
14
49
39
22
27
2
47
38
20
36
27
5
45
41
10
14
35
45
30
19
45
30
30
14
39
35
40
44
49
40
25
7
36
36
39
26
25
47
34
29
10
38
35
14
19
49
12
24
40
34
18
37
12
22
50
4
19
7
1
0
17
32
27
49
20
17
0
17
5
10
38
27
41
46
47
5
11
30
42
44
12
37
47
32
4
15
40
32
13
5
6
43
41
3
30
10
12
17
0
33
42
0
12
6
33
40
26
30
41
30
2
15
45
32
27
32
26
22
11
36
36
41
15
49
43
4
20
38
22
14
31
2
1
4
2
49
34
21
31
32
11
10
31
20
7
39
39
48
17
19
49
25
3
36
16
39
46
14
26
14
34
15
10
22
45
27
0
10
42
34
7
42
46
15
30
26
27
31
14
41
3
14
22
45
13
12
3
40
32
12
11
22
47
37
7
3
29
40
36
50
50
49
41
33
25
24
2
13
50
47
36
13
14
17
28
44
17
47
41
39
25
50
40
0
15
33
29
11
37
18
32
0
48
31
1
23
38
18
3
44
26
20
38
34
34
12
30
11
25
35
40
47
38
37
50
19
9
32
45
15
19
14
17
21
38
23
27
22
35
45
6
3
7
35
10
24
31
40
13
24
49
1
38
41
21
10
7
15
31
10
10
10
27
7
21
27
25
44
29
22
43
50
15
2
38
17
36
39
48
27
11
41
3
3
4
3
0
25
37
36
10
18
14
18
28
36
4
24
25
15
0
30
38
30
4
43
36
19
8
38
36
36
38
45
37
49
10
27
46
5
39
20
7
4
28
34
0
48
28
44
22
41
1
45
1
12
31
35
20
16
7
12
27
21
17
18
17
50
8
36
37
32
35
11
8
8
49
32
49
42
27
41
21
6
50
3
2
50
44
30
49
48
33
16
16
23
45
37
19
1
30
22
35
5
47
36
38
21
50
38
9
26
20
12
21
19
35
23
7
0
21
45
21
17
39
32
46
39
9
39
30
48
20
49
6
28
22
35
24
23
10
43
37
3
38
17
38
25
43
11
22
20
35
13
14
21
35
36
30
32
3
6
34
0
16
35
19
5
30
16
25
6
20
15
7
25
46
38
37
3
12
22
30
25
0
8
26
29
50
33
3
27
35
16
22
13
15
50
31
27
24
21
7
21
46
24
14
2
36
48
5
30
39
37
48
46
26
4
46
43
13
0
7
11
1
37
28
18
14
49
5
6
19
0
49
16
36
0
26
39
49
17
34
29
17
35
11
21
28
46
12
31
35
50
23
7
24
23
20
35
8
19
10
34
42
23
15
37
31
31
11
21
24
31
15
4
10
7
38
2
17
46
36
38
17
28
5
40
10
37
32
41
11
19
40
20
22
18
48
31
5
3
31
32
25
50
21
17
23
25
25
36
33
26
44
41
7
38
23
32
33
38
10
25
3
4
36
13
