4
0
44
34
8
32
40
7
7
49
17
10
38
0
4
0
22
7
6
28
45
28
25
12
38
46
45
32
12
26
5
5
6
49
44
9
15
46
38
40
18
7
49
25
0
41
46
28
23
15
10
44
4
25
33
1
5
49
30
15
38
35
33
18
28
15
42
28
35
5
15
35
30
28
18
0
12
18
8
4
14
27
40
38
40
30
0
32
6
38
2
17
10
13
28
44
33
42
4
49
28
38
25
18
38
0
7
33
27
38
28
3
31
26
35
29
25
40
21
32
40
32
32
15
38
38
5
20
15
7
28
0
30
45
28
35
8
41
18
15
0
50
0
42
32
46
47
33
29
21
7
49
22
16
24
0
7
15
25
12
42
38
33
7
28
5
48
4
10
22
0
35
43
43
46
49
5
6
4
14
20
43
17
28
23
28
38
48
4
5
38
9
29
12
28
18
12
46
48
42
47
10
47
46
3
8
12
5
0
18
16
45
7
5
7
14
38
33
44
30
38
16
24
24
7
17
28
5
32
10
29
44
43
26
44
5
22
49
11
31
28
18
5
15
13
32
28
48
48
28
32
19
6
29
18
48
40
44
28
11
28
33
8
26
32
27
9
6
33
31
49
6
22
17
23
6
14
18
8
39
12
7
45
42
6
44
18
44
16
21
0
15
40
20
44
27
3
24
42
15
8
28
12
7
43
23
26
32
25
31
14
9
4
14
15
19
26
0
27
3
7
18
7
10
32
3
5
18
28
0
33
4
0
26
45
28
35
32
27
40
50
32
7
28
18
31
25
28
19
27
8
0
39
28
49
35
0
28
12
39
25
17
27
28
39
36
0
32
11
38
4
7
18
25
40
35
11
49
46
25
28
42
5
5
8
48
7
18
17
17
28
38
3
5
5
1
5
27
3
32
16
0
30
7
18
5
28
26
31
42
4
15
41
7
47
45
28
2
31
18
4
7
33
18
0
45
27
48
10
41
9
7
18
33
4
24
24
4
18
26
9
26
21
12
3
14
49
25
15
25
28
38
25
50
23
3
48
26
26
29
0
7
49
35
15
41
4
25
18
14
33
22
38
15
31
32
33
5
12
47
0
38
8
29
25
31
7
40
40
8
32
26
14
17
7
42
15
48
15
22
22
25
38
11
22
49
42
4
33
10
22
48
5
40
14
4
18
15
0
3
31
10
38
0
32
38
29
49
16
49
4
48
36
40
38
18
9
18
6
48
16
39
29
10
44
49
15
33
49
7
34
29
18
28
9
10
14
42
27
17
7
15
6
7
42
5
28
45
6
0
22
32
18
42
42
47
43
5
5
20
4
28
21
26
7
31
38
13
24
24
28
7
9
48
18
40
14
42
10
44
9
20
45
0
32
7
5
40
28
18
22
27
20
8
5
24
48
8
28
25
19
16
34
16
15
0
28
22
42
9
30
7
4
35
7
1
0
17
15
1
3
15
1
48
4
32
38
31
38
7
7
0
28
28
18
17
38
43
20
32
47
3
40
21
10
15
46
7
0
32
28
33
40
38
30
5
18
12
19
12
29
5
39
26
44
16
15
0
18
38
32
22
28
32
18
32
12
46
49
29
0
27
4
17
7
1
38
18
32
28
30
22
0
44
18
11
4
18
36
19
25
42
13
5
38
10
0
48
15
27
29
15
8
39
28
9
29
5
48
25
38
27
28
49
5
28
12
15
15
39
16
13
32
22
28
21
10
33
38
15
40
36
7
6
32
39
26
32
36
27
12
22
18
6
18
14
3
5
26
15
25
28
48
44
0
18
34
31
31
37
10
37
6
28
14
26
40
38
13
15
5
40
15
31
31
12
21
7
31
33
33
18
32
29
4
17
5
0
5
42
4
48
44
43
12
24
5
40
29
3
30
0
18
28
22
21
28
28
26
38
18
42
32
22
38
13
28
18
0
8
15
27
40
24
25
4
5
10
6
23
25
13
17
12
7
22
10
7
33
1
27
18
3
17
26
7
30
15
43
0
0
28
7
43
4
44
5
47
32
32
48
29
20
12
7
32
32
38
24
0
18
41
30
28
15
21
48
48
7
49
12
25
28
41
31
29
38
31
38
31
23
33
30
22
8
40
0
40
15
0
28
8
9
44
0
2
15
18
28
33
0
48
12
0
7
7
4
21
18
1
12
0
47
21
24
28
42
5
45
44
18
23
35
29
38
39
15
4
32
24
42
48
42
15
28
34
34
28
5
0
0
49
28
41
7
19
49
42
6
48
15
10
26
5
18
28
38
38
5
28
24
25
28
36
25
18
24
0
33
27
14
18
30
43
22
0
0
3
35
48
